1b 1b 1b 1b
01 01 01 01 

760b4553594dd0db000021f46200620072630101

76
   01
   04 45 53 59
   08 45 53 59 0d 27 21 f4 0b090145535911039dd0db010163c0f600760b4553594dd0db000021f5620062007263070177010b090145535911039dd0db080100620affff007262016500000d277977078181c78203ff01010101044553590177070100000009ff010101010b090145535911039dd0db01
   
   77
      07 01 00 01 08 00 ff
	  64 00 01 80 
	  01
	  62 1e 
	  52 03
	  59 00 00 00 00 00 00 00 01
	  01
   
   77
     07 01 00 02 08 00 ff
	 64 00 01 80 
	 01
	 62 1e
	 52 03
	 59 00 00 00 00 00 00 00 00
	 01
   
   77
      07 01 00 01 08 01 ff
	  01
	  01
	  62 1e 
	  52 03
	  59 00 00 00 00 00 00 00 00
	  01
	  
   77
      07 01 00 02 08 01 ff 
	  01
	  01
	  62 1e
	  52 03
	  59 00 00 00 00 00 00 00 00 
	  01
	  
   77 
      07 01 00 01 08 02 ff
	  01
	  01
	  62 1e
	  52 03
	  59 00 00 00 00 00 00 00 00
	  01
	  
   77
      07 01 00 02 08 02 ff
	  01
	  01
	  62 1e 
	  52 03
	  59 00 00 00 00 00 00 00 00
	  01
   77
       07 81 81 c7 82 05 ff
       01
	   01
	   01
	   01
	   83 02 5d c5 0a bc 3e a5 d8 11 14 7d ab aa e8 ce 6d f4 98 8d 07 6f 23 a4 86 c5 9e 49 7c cc 96 9c 1d 76 45 cb 49 d1 0c fe f7 16 8b db cb f2 6a 65 64 50 
	   01
	   01
	   01
	   63 be a8 
	   00 
	 76 0b 45 53 59 4d 
	 d0db000021f662006200726302017101638a240000
	   
	   1b 1b 1b 1b 
	   1a

