1b 1b 1b 1b
01 01 01 01
76
  05 06 a4 71 a7 
  62 00 
  62 00 
  72 
     63 01 01 
	 76
	    01
	    01 
	    05 02 36 d0 8d
	    0b 0a 01 49 53 4b 00 03 f6 88 c0 
	    01 
	    01
	63 0f 45 
	00
76
   05 06 a4 71 a8 
   62 00 
   62 00
   72
      63 07 01
      77
         01
		 0b 0a 01 49 53 4b 00 03 f6 88 c0 
		 07 01 00 62 0a ff ff
		 65 02 36 cf 19
		 74 
		    77 
			   07 01 00 60 32 01 01
			   01
			   01
			   01
			   01
			   04 49 53 4b 
			   01
			77
			   07 01 00 60 01 00 ff 
			   01
			   01
			   01
			   01
			   0b 0a 01 49 53 4b 00 03 f6 88 c0 
			   01
			77
			  07 01 00 01 08 00 ff 
			  65 00 1c 41 04 
			  01
			  62 1e
			  52 ff 
			  65 02 2b bc 9b 
			  01
			77
			   07 01 00 10 07 00 ff
			   01
			   01
			   62 1b 
			   52 00 
			   52 4f
			   01
			 01
			 01
			 63 47 07
			 00
			 
			 76
			    05 06 a4 71 a9 
				62 00
				62 00
				72 
				   63 02 01 
				   71 
				      01
				63 37 06 
				00 00
1b 1b 1b 1b 
1a
